# This is a final TEA output file with calculated abundances (mixing fractions) for all listed species.
# Units: pressure (bar), temperature (K), abundance (unitless).

#SPECIES
H_g He_ref C_g N_g O_g H2_ref CO_g CO2_g CH4_g H2O_g N2_ref NH3_g 

#TEADATA
#Pressure  Temp    H_g        He_ref     C_g        N_g        O_g        H2_ref     CO_g       CO2_g      CH4_g      H2O_g      N2_ref     NH3_g      
1.0000e-05  500.00 1.5103e-18 1.4552e-01 7.7524e-66 1.7851e-47 2.4762e-45 8.5312e-01 2.2107e-10 3.4225e-15 4.6019e-04 8.3741e-04 5.5893e-05 3.8079e-06 
1.1768e-05  535.35 4.5070e-17 1.4552e-01 1.2326e-59 1.3968e-43 1.4655e-41 8.5312e-01 1.5072e-06 7.6438e-08 4.5860e-04 8.3574e-04 5.7784e-05 2.6079e-08 
1.3849e-05  570.71 8.2156e-16 1.4552e-01 4.4978e-55 8.8599e-41 1.0252e-38 8.5314e-01 1.5370e-05 3.9695e-07 4.4441e-04 8.2121e-04 5.7786e-05 1.7487e-08 
1.6298e-05  606.06 1.1299e-14 1.4549e-01 4.8695e-51 2.7871e-38 3.3984e-36 8.5327e-01 1.1117e-04 1.5667e-06 3.4735e-04 7.2291e-04 5.7778e-05 1.0946e-08 
1.9179e-05  641.41 1.1538e-13 1.4544e-01 1.0504e-47 4.6092e-36 4.8409e-34 8.5351e-01 2.9745e-04 2.0283e-06 1.6043e-04 5.3539e-04 5.7759e-05 7.3454e-09 
2.2570e-05  676.77 8.7505e-13 1.4540e-01 5.6278e-45 4.2685e-34 3.8644e-32 8.5365e-01 4.0808e-04 1.3665e-06 5.0363e-05 4.2590e-04 5.7747e-05 5.4761e-09 
2.6561e-05  712.12 5.6416e-12 1.4539e-01 1.1706e-42 2.6003e-32 2.4008e-30 8.5370e-01 4.4682e-04 9.7551e-07 1.1978e-05 3.8788e-04 5.7743e-05 4.0515e-09 
3.1257e-05  747.47 3.0260e-11 1.4539e-01 1.2990e-40 1.0657e-30 1.0574e-28 8.5371e-01 4.5607e-04 7.1912e-07 2.9738e-06 3.7913e-04 5.7743e-05 3.1318e-09 
3.6784e-05  782.83 1.3400e-10 1.4539e-01 9.2044e-39 3.0301e-29 3.1645e-27 8.5371e-01 4.5842e-04 5.0464e-07 8.3623e-07 3.7720e-04 5.7743e-05 2.5121e-09 
4.3288e-05  818.18 5.3592e-10 1.4539e-01 4.4522e-37 6.5638e-28 7.3417e-26 8.5372e-01 4.5910e-04 3.9526e-07 2.6466e-07 3.7674e-04 5.7743e-05 2.0710e-09 
5.0941e-05  853.54 1.8481e-09 1.4539e-01 1.5611e-35 1.0776e-26 1.2619e-24 8.5372e-01 4.5938e-04 2.9583e-07 8.9459e-08 3.7666e-04 5.7743e-05 1.7160e-09 
5.9948e-05  888.89 5.9002e-09 1.4539e-01 4.1136e-34 1.4313e-25 1.7618e-23 8.5372e-01 4.5949e-04 2.4211e-07 3.5227e-08 3.7666e-04 5.7743e-05 1.4887e-09 
7.0548e-05  924.24 1.7129e-08 1.4539e-01 8.4384e-33 1.5502e-24 1.9858e-22 8.5372e-01 4.5955e-04 2.0120e-07 1.5270e-08 3.7668e-04 5.7743e-05 1.3219e-09 
8.3022e-05  959.60 4.4823e-08 1.4539e-01 1.3815e-31 1.3885e-23 1.8346e-21 8.5372e-01 4.5960e-04 1.6134e-07 6.5583e-09 3.7671e-04 5.7743e-05 1.1486e-09 
9.7701e-05  994.95 1.1116e-07 1.4539e-01 1.8578e-30 1.0686e-22 1.4484e-20 8.5372e-01 4.5962e-04 1.3821e-07 3.3240e-09 3.7673e-04 5.7743e-05 1.0580e-09 
1.1498e-04 1030.30 2.5759e-07 1.4539e-01 2.0903e-29 7.1092e-22 9.8123e-20 8.5372e-01 4.5964e-04 1.1965e-07 1.8052e-09 3.7675e-04 5.7743e-05 9.9108e-10 
1.3530e-04 1065.66 5.5405e-07 1.4539e-01 1.9903e-28 4.1340e-21 5.8155e-19 8.5372e-01 4.5966e-04 1.0080e-07 9.2750e-10 3.7677e-04 5.7743e-05 8.9421e-10 
1.5923e-04 1101.01 1.1451e-06 1.4539e-01 1.6488e-27 2.1460e-20 3.0413e-18 8.5371e-01 4.5967e-04 8.9187e-08 5.6509e-10 3.7678e-04 5.7743e-05 8.6080e-10 
1.8738e-04 1136.36 2.2506e-06 1.4539e-01 1.1975e-26 1.0005e-19 1.4206e-17 8.5371e-01 4.5968e-04 7.9516e-08 3.6229e-10 3.7679e-04 5.7743e-05 8.3901e-10 
2.2051e-04 1171.72 4.1883e-06 1.4539e-01 7.6474e-26 4.2289e-19 6.0618e-17 8.5371e-01 4.5969e-04 6.9512e-08 2.1398e-10 3.7680e-04 5.7743e-05 7.8029e-10 
2.5950e-04 1207.07 7.5556e-06 1.4539e-01 4.4173e-25 1.6372e-18 2.3319e-16 8.5371e-01 4.5970e-04 6.2981e-08 1.4968e-10 3.7680e-04 5.7743e-05 7.7658e-10 
3.0539e-04 1242.42 1.3119e-05 1.4539e-01 2.3092e-24 5.8410e-18 8.2314e-16 8.5370e-01 4.5970e-04 5.7384e-08 1.0885e-10 3.7681e-04 5.7743e-05 7.8030e-10 
3.5938e-04 1277.78 2.1873e-05 1.4539e-01 1.0898e-23 1.9373e-17 2.7344e-15 8.5370e-01 4.5971e-04 5.1561e-08 7.1828e-11 3.7681e-04 5.7743e-05 7.4437e-10 
4.2292e-04 1313.13 3.5555e-05 1.4539e-01 4.7786e-23 5.9925e-17 8.3140e-15 8.5368e-01 4.5971e-04 4.7556e-08 5.5882e-11 3.7681e-04 5.7742e-05 7.6024e-10 
4.9770e-04 1348.48 5.6102e-05 1.4539e-01 1.9391e-22 1.7396e-16 2.3644e-14 8.5366e-01 4.5971e-04 4.4049e-08 4.4811e-11 3.7681e-04 5.7742e-05 7.8223e-10 
5.8570e-04 1383.84 8.5901e-05 1.4538e-01 7.2364e-22 4.7792e-16 6.4616e-14 8.5364e-01 4.5970e-04 4.0431e-08 3.2372e-11 3.7681e-04 5.7741e-05 7.6241e-10 
6.8926e-04 1419.19 1.2870e-04 1.4538e-01 2.5584e-21 1.2403e-15 1.6342e-13 8.5360e-01 4.5970e-04 3.7805e-08 2.7383e-11 3.7681e-04 5.7740e-05 7.9474e-10 
8.1113e-04 1454.55 1.8807e-04 1.4538e-01 8.3954e-21 3.0728e-15 4.0100e-13 8.5354e-01 4.5969e-04 3.5107e-08 2.0854e-11 3.7680e-04 5.7738e-05 7.8487e-10 
9.5455e-04 1489.90 2.6947e-04 1.4537e-01 2.6367e-20 7.2416e-15 9.1675e-13 8.5347e-01 4.5967e-04 3.3089e-08 1.8475e-11 3.7678e-04 5.7736e-05 8.2749e-10 
1.1233e-03 1525.25 3.7829e-04 1.4536e-01 7.8528e-20 1.6340e-14 2.0020e-12 8.5336e-01 4.5965e-04 3.1274e-08 1.6707e-11 3.7677e-04 5.7732e-05 8.7682e-10 
1.3219e-03 1560.61 5.2134e-04 1.4535e-01 2.1955e-19 3.5567e-14 4.2931e-12 8.5323e-01 4.5961e-04 2.9454e-08 1.3598e-11 3.7674e-04 5.7728e-05 8.8036e-10 
1.5557e-03 1595.96 7.0588e-04 1.4534e-01 5.9425e-19 7.4236e-14 8.6393e-12 8.5306e-01 4.5957e-04 2.8015e-08 1.2768e-11 3.7671e-04 5.7723e-05 9.4154e-10 
1.8307e-03 1631.31 9.3996e-04 1.4532e-01 1.5404e-18 1.4956e-13 1.6750e-11 8.5284e-01 4.5952e-04 2.6705e-08 1.2188e-11 3.7667e-04 5.7716e-05 1.0109e-09 
2.1544e-03 1666.67 1.2348e-03 1.4530e-01 3.7818e-18 2.9298e-13 3.2159e-11 8.5257e-01 4.5945e-04 2.5419e-08 1.0498e-11 3.7661e-04 5.7708e-05 1.0302e-09 
2.5354e-03 1702.02 1.5962e-03 1.4527e-01 9.0646e-18 5.5373e-13 5.8310e-11 8.5224e-01 4.5937e-04 2.4355e-08 1.0334e-11 3.7654e-04 5.7697e-05 1.1146e-09 
2.9836e-03 1737.37 2.0351e-03 1.4524e-01 2.0965e-17 1.0164e-12 1.0253e-10 8.5183e-01 4.5927e-04 2.3376e-08 1.0311e-11 3.7646e-04 5.7684e-05 1.2097e-09 
3.5112e-03 1772.73 2.5694e-03 1.4520e-01 4.6227e-17 1.8247e-12 1.7970e-10 8.5133e-01 4.5915e-04 2.2452e-08 9.3097e-12 3.7636e-04 5.7669e-05 1.2478e-09 
4.1320e-03 1808.08 3.1959e-03 1.4516e-01 1.0019e-16 3.1765e-12 2.9889e-10 8.5075e-01 4.5901e-04 2.1641e-08 9.5268e-12 3.7624e-04 5.7651e-05 1.3627e-09 
4.8626e-03 1843.43 3.9295e-03 1.4510e-01 2.1075e-16 5.3963e-12 4.8453e-10 8.5007e-01 4.5884e-04 2.0889e-08 9.8586e-12 3.7611e-04 5.7630e-05 1.4921e-09 
5.7224e-03 1878.79 4.7994e-03 1.4504e-01 4.2509e-16 9.0087e-12 7.8635e-10 8.4927e-01 4.5864e-04 2.0199e-08 9.2767e-12 3.7594e-04 5.7604e-05 1.5561e-09 
6.7342e-03 1914.14 5.7798e-03 1.4497e-01 8.4670e-16 1.4639e-11 1.2167e-09 8.4836e-01 4.5842e-04 1.9565e-08 9.8034e-12 3.7576e-04 5.7576e-05 1.7125e-09 
7.9248e-03 1949.49 6.8926e-03 1.4489e-01 1.6446e-15 2.3302e-11 1.8424e-09 8.4733e-01 4.5816e-04 1.8974e-08 1.0456e-11 3.7555e-04 5.7544e-05 1.8886e-09 
9.3260e-03 1984.85 8.1846e-03 1.4480e-01 3.0762e-15 3.6578e-11 2.8023e-09 8.4613e-01 4.5786e-04 1.8452e-08 1.0185e-11 3.7531e-04 5.7506e-05 1.9877e-09 
1.0975e-02 2020.20 9.5894e-03 1.4469e-01 5.7046e-15 5.6071e-11 4.0793e-09 8.4483e-01 4.5754e-04 1.7946e-08 1.1056e-11 3.7504e-04 5.7466e-05 2.2012e-09 
1.2915e-02 2055.56 1.1201e-02 1.4458e-01 1.0210e-14 8.4911e-11 5.9731e-09 8.4333e-01 4.5717e-04 1.7506e-08 1.1007e-11 3.7473e-04 5.7419e-05 2.3314e-09 
1.5199e-02 2090.91 1.2915e-02 1.4445e-01 1.8161e-14 1.2582e-10 8.3916e-09 8.4174e-01 4.5678e-04 1.7071e-08 1.2137e-11 3.7441e-04 5.7369e-05 2.5913e-09 
1.7886e-02 2126.26 1.4781e-02 1.4432e-01 3.1684e-14 1.8351e-10 1.1596e-08 8.4002e-01 4.5635e-04 1.6661e-08 1.3474e-11 3.7406e-04 5.7315e-05 2.8844e-09 
2.1049e-02 2161.62 1.6890e-02 1.4416e-01 5.3538e-14 2.6498e-10 1.6145e-08 8.3806e-01 4.5586e-04 1.6316e-08 1.3793e-11 3.7365e-04 5.7254e-05 3.0782e-09 
2.4771e-02 2196.97 1.9066e-02 1.4400e-01 9.0113e-14 3.7536e-10 2.1639e-08 8.3604e-01 4.5537e-04 1.5959e-08 1.5519e-11 3.7324e-04 5.7191e-05 3.4370e-09 
2.9151e-02 2232.32 2.1381e-02 1.4384e-01 1.4916e-13 5.2452e-10 2.8592e-08 8.3390e-01 4.5483e-04 1.5622e-08 1.7563e-11 3.7280e-04 5.7124e-05 3.8423e-09 
3.4305e-02 2267.68 2.3970e-02 1.4365e-01 2.3973e-13 7.2723e-10 3.8123e-08 8.3150e-01 4.5424e-04 1.5351e-08 1.8400e-11 3.7230e-04 5.7049e-05 4.1268e-09 
4.0370e-02 2303.03 2.6563e-02 1.4346e-01 3.8470e-13 9.9088e-10 4.9062e-08 8.2910e-01 4.5364e-04 1.5055e-08 2.1065e-11 3.7180e-04 5.6974e-05 4.6256e-09 
4.7508e-02 2338.38 2.9269e-02 1.4326e-01 6.0843e-13 1.3342e-09 6.2358e-08 8.2659e-01 4.5302e-04 1.4774e-08 2.4238e-11 3.7128e-04 5.6895e-05 5.1904e-09 
5.5908e-02 2373.74 3.2277e-02 1.4304e-01 9.3656e-13 1.7849e-09 8.0072e-08 8.2380e-01 4.5233e-04 1.4562e-08 2.5934e-11 3.7069e-04 5.6808e-05 5.6083e-09 
6.5793e-02 2409.09 3.5198e-02 1.4283e-01 1.4418e-12 2.3511e-09 9.9458e-08 8.2109e-01 4.5166e-04 1.4313e-08 3.0144e-11 3.7012e-04 5.6723e-05 6.3078e-09 
7.7426e-02 2444.44 3.8193e-02 1.4261e-01 2.1918e-12 3.0649e-09 1.2220e-07 8.1832e-01 4.5097e-04 1.4075e-08 3.5196e-11 3.6954e-04 5.6636e-05 7.1015e-09 
9.1116e-02 2479.80 4.1516e-02 1.4237e-01 3.2496e-12 3.9750e-09 1.5175e-07 8.1524e-01 4.5021e-04 1.3902e-08 3.8391e-11 3.6888e-04 5.6539e-05 7.7145e-09 
1.0723e-01 2515.15 4.4641e-02 1.4214e-01 4.8249e-12 5.0830e-09 1.8272e-07 8.1234e-01 4.4949e-04 1.3691e-08 4.5234e-11 3.6826e-04 5.6448e-05 8.7043e-09 
1.2619e-01 2550.51 4.8103e-02 1.4189e-01 6.9950e-12 6.4693e-09 2.2234e-07 8.0913e-01 4.4869e-04 1.3535e-08 4.9975e-11 3.6757e-04 5.6347e-05 9.4968e-09 
1.4850e-01 2585.86 5.1296e-02 1.4166e-01 1.0164e-11 8.1277e-09 2.6278e-07 8.0617e-01 4.4796e-04 1.3346e-08 5.9378e-11 3.6693e-04 5.6253e-05 1.0737e-08 
1.7475e-01 2621.21 5.4484e-02 1.4143e-01 1.4620e-11 1.0126e-08 3.0785e-07 8.0322e-01 4.4723e-04 1.3165e-08 7.0817e-11 3.6628e-04 5.6160e-05 1.2150e-08 
2.0565e-01 2656.57 5.8024e-02 1.4117e-01 2.0566e-11 1.2567e-08 3.6454e-07 7.9994e-01 4.4641e-04 1.3041e-08 7.9513e-11 3.6556e-04 5.6056e-05 1.3319e-08 
2.4201e-01 2691.92 6.1179e-02 1.4094e-01 2.9026e-11 1.5414e-08 4.2004e-07 7.9701e-01 4.4569e-04 1.2878e-08 9.5579e-11 3.6491e-04 5.5962e-05 1.5102e-08 
2.8480e-01 2727.27 6.4280e-02 1.4072e-01 4.0601e-11 1.8766e-08 4.8019e-07 7.9414e-01 4.4497e-04 1.2721e-08 1.1530e-10 3.6426e-04 5.5870e-05 1.7140e-08 
3.3516e-01 2762.63 6.7751e-02 1.4046e-01 5.5628e-11 2.2779e-08 5.5492e-07 7.9092e-01 4.4418e-04 1.2616e-08 1.3142e-10 3.6353e-04 5.5767e-05 1.8881e-08 
3.9442e-01 2797.98 7.0727e-02 1.4025e-01 7.6521e-11 2.7351e-08 6.2509e-07 7.8816e-01 4.4349e-04 1.2474e-08 1.5969e-10 3.6290e-04 5.5677e-05 2.1470e-08 
4.6416e-01 2833.33 7.3605e-02 1.4004e-01 1.0443e-10 3.2626e-08 6.9918e-07 7.8549e-01 4.4283e-04 1.2337e-08 1.9469e-10 3.6229e-04 5.5590e-05 2.4435e-08 
5.4623e-01 2868.69 7.6870e-02 1.3980e-01 1.3976e-10 3.8814e-08 7.9062e-07 7.8247e-01 4.4208e-04 1.2250e-08 2.2504e-10 3.6158e-04 5.5491e-05 2.7041e-08 
6.4281e-01 2904.04 7.9542e-02 1.3961e-01 1.8793e-10 4.5730e-08 8.7271e-07 7.7999e-01 4.4147e-04 1.2126e-08 2.7624e-10 3.6100e-04 5.5409e-05 3.0836e-08 
7.5646e-01 2939.39 8.2081e-02 1.3942e-01 2.5092e-10 5.3563e-08 9.5723e-07 7.7764e-01 4.4088e-04 1.2005e-08 3.4015e-10 3.6043e-04 5.5329e-05 3.5194e-08 
8.9022e-01 2974.75 8.5030e-02 1.3921e-01 3.2893e-10 6.2603e-08 1.0612e-06 7.7490e-01 4.4020e-04 1.1931e-08 3.9846e-10 3.5977e-04 5.5238e-05 3.9137e-08 
1.0476e+00 3010.10 8.7301e-02 1.3904e-01 4.3345e-10 7.2521e-08 1.1502e-06 7.7280e-01 4.3968e-04 1.1821e-08 4.9379e-10 3.5926e-04 5.5164e-05 4.4754e-08 
1.2328e+00 3045.45 8.9414e-02 1.3889e-01 5.6760e-10 8.3567e-08 1.2395e-06 7.7084e-01 4.3920e-04 1.1715e-08 6.1371e-10 3.5877e-04 5.5095e-05 5.1220e-08 
1.4508e+00 3080.81 9.1961e-02 1.3870e-01 7.3039e-10 9.6113e-08 1.3501e-06 7.6848e-01 4.3861e-04 1.1652e-08 7.2783e-10 3.5818e-04 5.5012e-05 5.7205e-08 
1.7074e+00 3116.16 9.3758e-02 1.3857e-01 9.4526e-10 1.0965e-07 1.4393e-06 7.6682e-01 4.3820e-04 1.1555e-08 9.1020e-10 3.5775e-04 5.4949e-05 6.5598e-08 
2.0092e+00 3151.52 9.6003e-02 1.3841e-01 1.2030e-09 1.2487e-07 1.5499e-06 7.6473e-01 4.3768e-04 1.1495e-08 1.0888e-09 3.5722e-04 5.4873e-05 7.3510e-08 
2.3645e+00 3186.87 9.7468e-02 1.3830e-01 1.5399e-09 1.4115e-07 1.6358e-06 7.6338e-01 4.3734e-04 1.1406e-08 1.3694e-09 3.5686e-04 5.4817e-05 8.4447e-08 
2.7826e+00 3222.22 9.8756e-02 1.3821e-01 1.9609e-09 1.5885e-07 1.7181e-06 7.6218e-01 4.3705e-04 1.1319e-08 1.7269e-09 3.5653e-04 5.4764e-05 9.7089e-08 
3.2745e+00 3257.58 1.0051e-01 1.3808e-01 2.4581e-09 1.7846e-07 1.8219e-06 7.6056e-01 4.3664e-04 1.1267e-08 2.0898e-09 3.5610e-04 5.4698e-05 1.0927e-07 
3.8535e+00 3292.93 1.0145e-01 1.3801e-01 3.0995e-09 1.9915e-07 1.8961e-06 7.5968e-01 4.3642e-04 1.1187e-08 2.6494e-09 3.5585e-04 5.4652e-05 1.2584e-07 
4.5349e+00 3328.28 1.0222e-01 1.3796e-01 3.8896e-09 2.2135e-07 1.9647e-06 7.5897e-01 4.3625e-04 1.1110e-08 3.3672e-09 3.5564e-04 5.4609e-05 1.4504e-07 
5.3367e+00 3363.64 1.0346e-01 1.3787e-01 4.8082e-09 2.4564e-07 2.0551e-06 7.5782e-01 4.3596e-04 1.1066e-08 4.1159e-09 3.5532e-04 5.4552e-05 1.6388e-07 
6.2803e+00 3398.99 1.0388e-01 1.3784e-01 5.9803e-09 2.7095e-07 2.1119e-06 7.5743e-01 4.3586e-04 1.0994e-08 5.2569e-09 3.5518e-04 5.4514e-05 1.8919e-07 
7.3907e+00 3434.34 1.0414e-01 1.3782e-01 7.4061e-09 2.9777e-07 2.1615e-06 7.5720e-01 4.3580e-04 1.0925e-08 6.7291e-09 3.5509e-04 5.4479e-05 2.1856e-07 
8.6975e+00 3469.70 1.0487e-01 1.3777e-01 9.0438e-09 3.2672e-07 2.2319e-06 7.5651e-01 4.3563e-04 1.0885e-08 8.3080e-09 3.5488e-04 5.4428e-05 2.4786e-07 
1.0235e+01 3505.05 1.0480e-01 1.3777e-01 1.1109e-08 3.5658e-07 2.2672e-06 7.5658e-01 4.3564e-04 1.0822e-08 1.0683e-08 3.5486e-04 5.4396e-05 2.8676e-07 
1.2045e+01 3540.40 1.0457e-01 1.3779e-01 1.3593e-08 3.8785e-07 2.2945e-06 7.5679e-01 4.3569e-04 1.0759e-08 1.3766e-08 3.5489e-04 5.4364e-05 3.3200e-07 
1.4175e+01 3575.76 1.0486e-01 1.3777e-01 1.6411e-08 4.2119e-07 2.3419e-06 7.5653e-01 4.3561e-04 1.0722e-08 1.7153e-08 3.5479e-04 5.4317e-05 3.7792e-07 
1.6681e+01 3611.11 1.0433e-01 1.3781e-01 1.9931e-08 4.5522e-07 2.3539e-06 7.5701e-01 4.3573e-04 1.0665e-08 2.2193e-08 3.5489e-04 5.4285e-05 4.3810e-07 
1.9630e+01 3646.46 1.0367e-01 1.3785e-01 2.4120e-08 4.9047e-07 2.3582e-06 7.5763e-01 4.3587e-04 1.0609e-08 2.8767e-08 3.5502e-04 5.4251e-05 5.0813e-07 
2.3101e+01 3681.82 1.0351e-01 1.3787e-01 2.8813e-08 5.2762e-07 2.3819e-06 7.5778e-01 4.3589e-04 1.0579e-08 3.6122e-08 3.5504e-04 5.4201e-05 5.8022e-07 
2.7186e+01 3717.17 1.0258e-01 1.3793e-01 3.4630e-08 5.6514e-07 2.3710e-06 7.5864e-01 4.3609e-04 1.0528e-08 4.7001e-08 3.5524e-04 5.4163e-05 6.7377e-07 
3.1993e+01 3752.53 1.0215e-01 1.3796e-01 4.1109e-08 6.0424e-07 2.3785e-06 7.5903e-01 4.3617e-04 1.0496e-08 5.9375e-08 3.5533e-04 5.4107e-05 7.7115e-07 
3.7649e+01 3787.88 1.0098e-01 1.3805e-01 4.9089e-08 6.4361e-07 2.3538e-06 7.6012e-01 4.3641e-04 1.0449e-08 7.7517e-08 3.5560e-04 5.4058e-05 8.9635e-07 
4.4306e+01 3823.23 9.9705e-02 1.3814e-01 5.8431e-08 6.8364e-07 2.3226e-06 7.6130e-01 4.3667e-04 1.0403e-08 1.0136e-07 3.5591e-04 5.4002e-05 1.0423e-06 
5.2140e+01 3858.59 9.8939e-02 1.3820e-01 6.8755e-08 7.2471e-07 2.3080e-06 7.6201e-01 4.3681e-04 1.0373e-08 1.2897e-07 3.5610e-04 5.3927e-05 1.1962e-06 
6.1359e+01 3893.94 9.7462e-02 1.3830e-01 8.1347e-08 7.6577e-07 2.2651e-06 7.6338e-01 4.3710e-04 1.0332e-08 1.6915e-07 3.5648e-04 5.3851e-05 1.3921e-06 
7.2208e+01 3929.29 9.5900e-02 1.3842e-01 9.5957e-08 8.0705e-07 2.2173e-06 7.6483e-01 4.3739e-04 1.0291e-08 2.2213e-07 3.5689e-04 5.3761e-05 1.6204e-06 
8.4975e+01 3964.65 9.4843e-02 1.3850e-01 1.1194e-07 8.4881e-07 2.1853e-06 7.6581e-01 4.3755e-04 1.0266e-08 2.8435e-07 3.5720e-04 5.3649e-05 1.8635e-06 
1.0000e+02 4000.00 9.3123e-02 1.3862e-01 1.3130e-07 8.9011e-07 2.1287e-06 7.6740e-01 4.3784e-04 1.0229e-08 3.7437e-07 3.5769e-04 5.3525e-05 2.1702e-06 
