# This is a final TEA output file with calculated abundances (mixing fractions) for all listed species.
# Units: pressure (bar), temperature (K), abundance (unitless).

#SPECIES
H_g He_ref C_g N_g O_g H2_ref CO_g CO2_g CH4_g H2O_g N2_ref NH3_g 

#TEADATA
#Pressure   Temp     H_g        He_ref     C_g        N_g        O_g        H2_ref     CO_g       CO2_g      CH4_g      H2O_g      N2_ref     NH3_g      
1.0000e-05  500.00 2.0216e-18 1.4552e-01 3.4020e-64 1.0934e-46 1.4813e-44 8.5312e-01 5.3553e-07 7.1899e-08 4.5958e-04 8.3672e-04 5.7787e-05 1.8778e-08 
1.1768e-05  535.35 6.0970e-17 1.4552e-01 8.0068e-59 1.8840e-43 3.2495e-41 8.5314e-01 1.1521e-05 8.1734e-07 4.4784e-04 8.2423e-04 5.7791e-05 9.8110e-09 
1.3849e-05  570.71 1.1976e-15 1.4549e-01 3.1024e-54 1.2816e-40 2.3819e-38 8.5328e-01 1.1341e-04 4.0591e-06 3.4261e-04 7.1568e-04 5.7780e-05 5.6509e-09 
1.6298e-05  606.06 1.6489e-14 1.4543e-01 1.6560e-50 4.0356e-38 6.3339e-36 8.5355e-01 3.2293e-04 5.0503e-06 1.3190e-04 5.0382e-04 5.7757e-05 3.5307e-09 
1.9179e-05  641.41 1.6884e-13 1.4540e-01 1.6481e-47 6.6931e-36 9.7557e-34 8.5368e-01 4.2844e-04 3.5001e-06 2.7845e-05 4.0124e-04 5.7746e-05 2.3606e-09 
2.2570e-05  676.77 1.3475e-12 1.4539e-01 5.6427e-45 6.4716e-34 1.0159e-31 8.5371e-01 4.5235e-04 2.4016e-06 5.0165e-06 3.7949e-04 5.7743e-05 1.6713e-09 
2.6561e-05  712.12 8.6892e-12 1.4539e-01 9.9717e-43 3.9432e-32 6.8463e-30 8.5372e-01 4.5703e-04 1.7196e-06 1.0158e-06 3.7617e-04 5.7743e-05 1.2428e-09 
3.1257e-05  747.47 4.6684e-11 1.4539e-01 1.0650e-40 1.6184e-30 3.0793e-28 8.5372e-01 4.5825e-04 1.2742e-06 2.4204e-07 3.7584e-04 5.7743e-05 9.6363e-10 
3.6784e-05  782.83 2.1429e-10 1.4539e-01 7.4459e-39 4.7241e-29 9.7202e-27 8.5372e-01 4.5872e-04 9.7188e-07 6.7104e-08 3.7596e-04 5.7743e-05 7.7445e-10 
4.3288e-05  818.18 8.5691e-10 1.4539e-01 3.5987e-37 1.0231e-27 2.2489e-25 8.5372e-01 4.5898e-04 7.6035e-07 2.1291e-08 3.7613e-04 5.7743e-05 6.4203e-10 
5.0941e-05  853.54 3.0391e-09 1.4539e-01 1.2618e-35 1.7089e-26 3.9704e-24 8.5372e-01 4.5915e-04 6.0821e-07 7.6024e-09 3.7627e-04 5.7743e-05 5.4674e-10 
5.9948e-05  888.89 9.6896e-09 1.4539e-01 3.3289e-34 2.2671e-25 5.5147e-23 8.5372e-01 4.5926e-04 4.9618e-07 3.0159e-09 3.7638e-04 5.7743e-05 4.7690e-10 
7.0548e-05  924.24 2.8123e-08 1.4539e-01 6.8343e-33 2.4544e-24 6.1987e-22 8.5372e-01 4.5935e-04 4.1187e-07 1.3132e-09 3.7646e-04 5.7744e-05 4.2493e-10 
8.3022e-05  959.60 7.5101e-08 1.4539e-01 1.1234e-31 2.2191e-23 5.7753e-21 8.5372e-01 4.5942e-04 3.4719e-07 6.2124e-10 3.7652e-04 5.7744e-05 3.8589e-10 
9.7701e-05  994.95 1.8605e-07 1.4539e-01 1.5118e-30 1.7059e-22 4.5440e-20 8.5372e-01 4.5947e-04 2.9675e-07 3.1671e-10 3.7657e-04 5.7744e-05 3.5652e-10 
1.1498e-04 1030.30 4.3102e-07 1.4539e-01 1.7014e-29 1.1344e-21 3.0738e-19 8.5372e-01 4.5951e-04 2.5678e-07 1.7268e-10 3.7661e-04 5.7744e-05 3.3455e-10 
1.3530e-04 1065.66 9.4025e-07 1.4539e-01 1.6312e-28 6.6243e-21 1.8158e-18 8.5371e-01 4.5954e-04 2.2466e-07 9.9977e-11 3.7664e-04 5.7744e-05 3.1832e-10 
1.5923e-04 1101.01 1.9415e-06 1.4539e-01 1.3514e-27 3.4356e-20 9.4784e-18 8.5371e-01 4.5956e-04 1.9854e-07 6.1177e-11 3.7667e-04 5.7744e-05 3.0684e-10 
1.8738e-04 1136.36 3.8153e-06 1.4539e-01 9.8130e-27 1.6010e-19 4.4253e-17 8.5371e-01 4.5959e-04 1.7705e-07 3.9342e-11 3.7669e-04 5.7743e-05 2.9922e-10 
2.2051e-04 1171.72 7.1684e-06 1.4539e-01 6.3241e-26 6.7720e-19 1.8673e-16 8.5371e-01 4.5960e-04 1.5917e-07 2.6469e-11 3.7671e-04 5.7743e-05 2.9492e-10 
2.5950e-04 1207.07 1.2923e-05 1.4539e-01 3.6517e-25 2.6199e-18 7.1785e-16 8.5370e-01 4.5962e-04 1.4417e-07 1.8565e-11 3.7672e-04 5.7743e-05 2.9357e-10 
3.0539e-04 1242.42 2.2437e-05 1.4539e-01 1.9080e-24 9.3447e-18 2.5351e-15 8.5369e-01 4.5963e-04 1.3147e-07 1.3524e-11 3.7673e-04 5.7743e-05 2.9488e-10 
3.5938e-04 1277.78 3.7640e-05 1.4539e-01 9.1005e-24 3.0951e-17 8.2860e-15 8.5368e-01 4.5963e-04 1.2062e-07 1.0197e-11 3.7674e-04 5.7742e-05 2.9866e-10 
4.2292e-04 1313.13 6.1160e-05 1.4539e-01 3.9882e-23 9.5697e-17 2.5201e-14 8.5366e-01 4.5964e-04 1.1130e-07 7.9385e-12 3.7675e-04 5.7742e-05 3.0484e-10 
4.9770e-04 1348.48 9.6511e-05 1.4538e-01 1.6174e-22 2.7779e-16 7.1754e-14 8.5363e-01 4.5964e-04 1.0322e-07 6.3641e-12 3.7675e-04 5.7741e-05 3.1337e-10 
5.8570e-04 1383.84 1.4826e-04 1.4538e-01 6.1081e-22 7.6099e-16 1.9227e-13 8.5358e-01 4.5963e-04 9.6178e-08 5.2416e-12 3.7674e-04 5.7739e-05 3.2428e-10 
6.8926e-04 1419.19 2.2208e-04 1.4537e-01 2.1581e-21 1.9746e-15 4.8676e-13 8.5351e-01 4.5962e-04 9.0004e-08 4.4279e-12 3.7674e-04 5.7737e-05 3.3765e-10 
8.1113e-04 1454.55 3.2507e-04 1.4537e-01 7.1729e-21 4.8751e-15 1.1697e-12 8.5341e-01 4.5960e-04 8.4555e-08 3.8287e-12 3.7672e-04 5.7734e-05 3.5358e-10 
9.5455e-04 1489.90 4.6558e-04 1.4536e-01 2.2512e-20 1.1486e-14 2.6763e-12 8.5328e-01 4.5958e-04 7.9724e-08 3.3842e-12 3.7670e-04 5.7730e-05 3.7225e-10 
1.1233e-03 1525.25 6.5357e-04 1.4534e-01 6.7001e-20 2.5919e-14 5.8516e-12 8.5311e-01 4.5954e-04 7.5416e-08 3.0526e-12 3.7667e-04 5.7725e-05 3.9386e-10 
1.3219e-03 1560.61 9.0049e-04 1.4532e-01 1.8984e-19 5.6186e-14 1.2267e-11 8.5288e-01 4.5949e-04 7.1556e-08 2.8062e-12 3.7663e-04 5.7718e-05 4.1865e-10 
1.5557e-03 1595.96 1.2189e-03 1.4530e-01 5.1348e-19 1.1726e-13 2.4710e-11 8.5259e-01 4.5942e-04 6.8087e-08 2.6265e-12 3.7657e-04 5.7708e-05 4.4697e-10 
1.8307e-03 1631.31 1.6232e-03 1.4527e-01 1.3301e-18 2.3628e-13 4.7972e-11 8.5221e-01 4.5933e-04 6.4954e-08 2.4991e-12 3.7650e-04 5.7697e-05 4.7912e-10 
2.1544e-03 1666.67 2.1286e-03 1.4524e-01 3.3099e-18 4.6071e-13 8.9973e-11 8.5174e-01 4.5921e-04 6.2116e-08 2.4151e-12 3.7641e-04 5.7682e-05 5.1552e-10 
2.5354e-03 1702.02 2.7511e-03 1.4519e-01 7.9274e-18 8.7075e-13 1.6331e-10 8.5117e-01 4.5907e-04 5.9536e-08 2.3686e-12 3.7629e-04 5.7664e-05 5.5669e-10 
2.9836e-03 1737.37 3.5075e-03 1.4514e-01 1.8322e-17 1.5986e-12 2.8751e-10 8.5046e-01 4.5890e-04 5.7185e-08 2.3547e-12 3.7615e-04 5.7642e-05 6.0311e-10 
3.5112e-03 1772.73 4.4153e-03 1.4507e-01 4.0957e-17 2.8561e-12 4.9192e-10 8.4962e-01 4.5869e-04 5.5033e-08 2.3710e-12 3.7598e-04 5.7616e-05 6.5542e-10 
4.1320e-03 1808.08 5.4908e-03 1.4499e-01 8.8690e-17 4.9721e-12 8.1904e-10 8.4863e-01 4.5845e-04 5.3061e-08 2.4164e-12 3.7578e-04 5.7585e-05 7.1432e-10 
4.8626e-03 1843.43 6.7507e-03 1.4490e-01 1.8641e-16 8.4479e-12 1.3293e-09 8.4746e-01 4.5816e-04 5.1248e-08 2.4907e-12 3.7554e-04 5.7548e-05 7.8061e-10 
5.7224e-03 1878.79 8.2112e-03 1.4479e-01 3.8101e-16 1.4030e-11 2.1067e-09 8.4610e-01 4.5783e-04 4.9577e-08 2.5945e-12 3.7527e-04 5.7506e-05 8.5517e-10 
6.7342e-03 1914.14 9.8854e-03 1.4467e-01 7.5815e-16 2.2798e-11 3.2629e-09 8.4455e-01 4.5744e-04 4.8033e-08 2.7298e-12 3.7495e-04 5.7458e-05 9.3904e-10 
7.9248e-03 1949.49 1.1786e-02 1.4453e-01 1.4711e-15 3.6292e-11 4.9464e-09 8.4279e-01 4.5701e-04 4.6604e-08 2.8992e-12 3.7460e-04 5.7403e-05 1.0334e-09 
9.3260e-03 1984.85 1.3925e-02 1.4438e-01 2.7876e-15 5.6670e-11 7.3484e-09 8.4081e-01 4.5652e-04 4.5279e-08 3.1061e-12 3.7419e-04 5.7341e-05 1.1394e-09 
1.0975e-02 2020.20 1.6308e-02 1.4420e-01 5.1633e-15 8.6861e-11 1.0707e-08 8.3860e-01 4.5597e-04 4.4047e-08 3.3559e-12 3.7374e-04 5.7272e-05 1.2588e-09 
1.2915e-02 2055.56 1.8942e-02 1.4401e-01 9.3617e-15 1.3085e-10 1.5320e-08 8.3616e-01 4.5537e-04 4.2899e-08 3.6537e-12 3.7324e-04 5.7196e-05 1.3930e-09 
1.5199e-02 2090.91 2.1827e-02 1.4380e-01 1.6629e-14 1.9384e-10 2.1540e-08 8.3349e-01 4.5470e-04 4.1829e-08 4.0083e-12 3.7269e-04 5.7113e-05 1.5442e-09 
1.7886e-02 2126.26 2.4964e-02 1.4358e-01 2.8968e-14 2.8266e-10 2.9791e-08 8.3058e-01 4.5398e-04 4.0830e-08 4.4277e-12 3.7209e-04 5.7022e-05 1.7143e-09 
2.1049e-02 2161.62 2.8349e-02 1.4333e-01 4.9550e-14 4.0608e-10 4.0564e-08 8.2744e-01 4.5321e-04 3.9894e-08 4.9236e-12 3.7145e-04 5.6924e-05 1.9060e-09 
2.4771e-02 2196.97 3.1973e-02 1.4307e-01 8.3266e-14 5.7504e-10 5.4410e-08 8.2408e-01 4.5237e-04 3.9018e-08 5.5099e-12 3.7075e-04 5.6819e-05 2.1220e-09 
2.9151e-02 2232.32 3.5827e-02 1.4279e-01 1.3760e-13 8.0329e-10 7.1951e-08 8.2051e-01 4.5149e-04 3.8196e-08 6.2029e-12 3.7001e-04 5.6708e-05 2.3655e-09 
3.4305e-02 2267.68 3.9899e-02 1.4249e-01 2.2382e-13 1.1078e-09 9.3878e-08 8.1673e-01 4.5055e-04 3.7423e-08 7.0225e-12 3.6922e-04 5.6590e-05 2.6402e-09 
4.0370e-02 2303.03 4.4171e-02 1.4218e-01 3.5852e-13 1.5087e-09 1.2090e-07 8.1278e-01 4.4957e-04 3.6696e-08 7.9942e-12 3.6839e-04 5.6466e-05 2.9502e-09 
4.7508e-02 2338.38 4.8624e-02 1.4186e-01 5.6601e-13 2.0306e-09 1.5378e-07 8.0865e-01 4.4855e-04 3.6011e-08 9.1484e-12 3.6752e-04 5.6337e-05 3.3004e-09 
5.5908e-02 2373.74 5.3240e-02 1.4152e-01 8.8140e-13 2.7027e-09 1.9334e-07 8.0437e-01 4.4749e-04 3.5365e-08 1.0521e-11 3.6661e-04 5.6203e-05 3.6962e-09 
6.5793e-02 2409.09 5.7993e-02 1.4117e-01 1.3543e-12 3.5581e-09 2.4030e-07 7.9996e-01 4.4640e-04 3.4756e-08 1.2160e-11 3.6567e-04 5.6065e-05 4.1439e-09 
7.7426e-02 2444.44 6.2860e-02 1.4082e-01 2.0549e-12 4.6362e-09 2.9546e-07 7.9545e-01 4.4528e-04 3.4179e-08 1.4119e-11 3.6469e-04 5.5924e-05 4.6507e-09 
9.1116e-02 2479.80 6.7819e-02 1.4046e-01 3.0807e-12 5.9820e-09 3.5958e-07 7.9086e-01 4.4414e-04 3.3634e-08 1.6468e-11 3.6370e-04 5.5780e-05 5.2247e-09 
1.0723e-01 2515.15 7.2836e-02 1.4010e-01 4.5651e-12 7.6451e-09 4.3321e-07 7.8621e-01 4.4299e-04 3.3117e-08 1.9295e-11 3.6268e-04 5.5634e-05 5.8760e-09 
1.2619e-01 2550.51 7.7894e-02 1.3973e-01 6.6914e-12 9.6834e-09 5.1703e-07 7.8152e-01 4.4182e-04 3.2628e-08 2.2701e-11 3.6164e-04 5.5487e-05 6.6147e-09 
1.4850e-01 2585.86 8.2959e-02 1.3936e-01 9.7039e-12 1.2158e-08 6.1139e-07 7.7682e-01 4.4066e-04 3.2163e-08 2.6821e-11 3.6059e-04 5.5339e-05 7.4538e-09 
1.7475e-01 2621.21 8.8008e-02 1.3899e-01 1.3931e-11 1.5139e-08 7.1666e-07 7.7215e-01 4.3950e-04 3.1722e-08 3.1817e-11 3.5954e-04 5.5191e-05 8.4076e-09 
2.0565e-01 2656.57 9.3015e-02 1.3863e-01 1.9810e-11 1.8702e-08 8.3299e-07 7.6750e-01 4.3835e-04 3.1302e-08 3.7896e-11 3.5848e-04 5.5044e-05 9.4933e-09 
2.4201e-01 2691.92 9.7952e-02 1.3827e-01 2.7907e-11 2.2925e-08 9.6030e-07 7.6293e-01 4.3722e-04 3.0903e-08 4.5313e-11 3.5742e-04 5.4899e-05 1.0730e-08 
2.8480e-01 2727.27 1.0280e-01 1.3792e-01 3.8967e-11 2.7895e-08 1.0984e-06 7.5844e-01 4.3610e-04 3.0523e-08 5.4391e-11 3.5637e-04 5.4756e-05 1.2140e-08 
3.3516e-01 2762.63 1.0753e-01 1.3757e-01 5.3956e-11 3.3707e-08 1.2470e-06 7.5405e-01 4.3501e-04 3.0160e-08 6.5531e-11 3.5533e-04 5.4615e-05 1.3749e-08 
3.9442e-01 2797.98 1.1212e-01 1.3724e-01 7.4096e-11 4.0451e-08 1.4054e-06 7.4979e-01 4.3396e-04 2.9815e-08 7.9246e-11 3.5431e-04 5.4478e-05 1.5588e-08 
4.6416e-01 2833.33 1.1656e-01 1.3692e-01 1.0096e-10 4.8229e-08 1.5728e-06 7.4568e-01 4.3294e-04 2.9486e-08 9.6178e-11 3.5330e-04 5.4345e-05 1.7690e-08 
5.4623e-01 2868.69 1.2083e-01 1.3661e-01 1.3656e-10 5.7145e-08 1.7485e-06 7.4172e-01 4.3196e-04 2.9172e-08 1.1714e-10 3.5232e-04 5.4216e-05 2.0095e-08 
6.4281e-01 2904.04 1.2491e-01 1.3631e-01 1.8336e-10 6.7298e-08 1.9310e-06 7.3794e-01 4.3102e-04 2.8872e-08 1.4316e-10 3.5137e-04 5.4092e-05 2.2851e-08 
7.5646e-01 2939.39 1.2878e-01 1.3603e-01 2.4451e-10 7.8794e-08 2.1193e-06 7.3435e-01 4.3013e-04 2.8586e-08 1.7556e-10 3.5045e-04 5.3973e-05 2.6010e-08 
8.9022e-01 2974.75 1.3244e-01 1.3576e-01 3.2391e-10 9.1744e-08 2.3119e-06 7.3096e-01 4.2929e-04 2.8313e-08 2.1601e-10 3.4957e-04 5.3859e-05 2.9637e-08 
1.0476e+00 3010.10 1.3587e-01 1.3551e-01 4.2633e-10 1.0624e-07 2.5072e-06 7.2778e-01 4.2850e-04 2.8051e-08 2.6666e-10 3.4873e-04 5.3751e-05 3.3805e-08 
1.2328e+00 3045.45 1.3906e-01 1.3528e-01 5.5771e-10 1.2239e-07 2.7035e-06 7.2483e-01 4.2777e-04 2.7800e-08 3.3027e-10 3.4793e-04 5.3648e-05 3.8599e-08 
1.4508e+00 3080.81 1.4201e-01 1.3507e-01 7.2532e-10 1.4028e-07 2.8991e-06 7.2210e-01 4.2709e-04 2.7559e-08 4.1039e-10 3.4718e-04 5.3551e-05 4.4120e-08 
1.7074e+00 3116.16 1.4469e-01 1.3487e-01 9.3787e-10 1.6001e-07 3.0921e-06 7.1961e-01 4.2647e-04 2.7328e-08 5.1162e-10 3.4648e-04 5.3461e-05 5.0488e-08 
2.0092e+00 3151.52 1.4714e-01 1.3469e-01 1.2062e-09 1.8167e-07 3.2813e-06 7.1734e-01 4.2591e-04 2.7106e-08 6.3967e-10 3.4584e-04 5.3376e-05 5.7829e-08 
2.3645e+00 3186.87 1.4931e-01 1.3454e-01 1.5429e-09 2.0531e-07 3.4644e-06 7.1533e-01 4.2541e-04 2.6893e-08 8.0237e-10 3.4524e-04 5.3297e-05 6.6313e-08 
2.7826e+00 3222.22 1.5122e-01 1.3440e-01 1.9636e-09 2.3101e-07 3.6399e-06 7.1355e-01 4.2497e-04 2.6688e-08 1.0095e-09 3.4471e-04 5.3224e-05 7.6120e-08 
3.2745e+00 3257.58 1.5288e-01 1.3428e-01 2.4868e-09 2.5884e-07 3.8068e-06 7.1202e-01 4.2459e-04 2.6492e-08 1.2737e-09 3.4423e-04 5.3156e-05 8.7463e-08 
3.8535e+00 3292.93 1.5427e-01 1.3417e-01 3.1343e-09 2.8881e-07 3.9629e-06 7.1073e-01 4.2427e-04 2.6302e-08 1.6118e-09 3.4381e-04 5.3095e-05 1.0060e-07 
4.5349e+00 3328.28 1.5540e-01 1.3409e-01 3.9322e-09 3.2098e-07 4.1072e-06 7.0968e-01 4.2401e-04 2.6120e-08 2.0456e-09 3.4346e-04 5.3038e-05 1.1584e-07 
5.3367e+00 3363.64 1.5628e-01 1.3403e-01 4.9115e-09 3.5538e-07 4.2390e-06 7.0886e-01 4.2380e-04 2.5945e-08 2.6030e-09 3.4316e-04 5.2987e-05 1.3350e-07 
6.2803e+00 3398.99 1.5691e-01 1.3398e-01 6.1078e-09 3.9197e-07 4.3566e-06 7.0829e-01 4.2366e-04 2.5777e-08 3.3215e-09 3.4293e-04 5.2940e-05 1.5401e-07 
7.3907e+00 3434.34 1.5729e-01 1.3396e-01 7.5639e-09 4.3076e-07 4.4595e-06 7.0793e-01 4.2357e-04 2.5615e-08 4.2493e-09 3.4276e-04 5.2898e-05 1.7783e-07 
8.6975e+00 3469.70 1.5743e-01 1.3395e-01 9.3295e-09 4.7176e-07 4.5474e-06 7.0780e-01 4.2353e-04 2.5459e-08 5.4501e-09 3.4264e-04 5.2860e-05 2.0553e-07 
1.0235e+01 3505.05 1.5733e-01 1.3395e-01 1.1461e-08 5.1487e-07 4.6195e-06 7.0789e-01 4.2355e-04 2.5310e-08 7.0071e-09 3.4259e-04 5.2825e-05 2.3774e-07 
1.2045e+01 3540.40 1.5701e-01 1.3398e-01 1.4027e-08 5.6005e-07 4.6753e-06 7.0819e-01 4.2362e-04 2.5166e-08 9.0317e-09 3.4260e-04 5.2793e-05 2.7525e-07 
1.4175e+01 3575.76 1.5647e-01 1.3402e-01 1.7104e-08 6.0726e-07 4.7153e-06 7.0869e-01 4.2374e-04 2.5027e-08 1.1668e-08 3.4267e-04 5.2763e-05 3.1894e-07 
1.6681e+01 3611.11 1.5572e-01 1.3407e-01 2.0779e-08 6.5637e-07 4.7392e-06 7.0939e-01 4.2390e-04 2.4894e-08 1.5106e-08 3.4280e-04 5.2735e-05 3.6983e-07 
1.9630e+01 3646.46 1.5476e-01 1.3414e-01 2.5155e-08 7.0728e-07 4.7474e-06 7.1027e-01 4.2412e-04 2.4766e-08 1.9600e-08 3.4298e-04 5.2707e-05 4.2916e-07 
2.3101e+01 3681.82 1.5362e-01 1.3422e-01 3.0351e-08 7.5991e-07 4.7403e-06 7.1134e-01 4.2437e-04 2.4643e-08 2.5484e-08 3.4321e-04 5.2679e-05 4.9838e-07 
2.7186e+01 3717.17 1.5228e-01 1.3432e-01 3.6496e-08 8.1404e-07 4.7181e-06 7.1257e-01 4.2466e-04 2.4524e-08 3.3203e-08 3.4350e-04 5.2650e-05 5.7917e-07 
3.1993e+01 3752.53 1.5078e-01 1.3443e-01 4.3744e-08 8.6961e-07 4.6820e-06 7.1397e-01 4.2499e-04 2.4411e-08 4.3340e-08 3.4384e-04 5.2619e-05 6.7345e-07 
3.7649e+01 3787.88 1.4911e-01 1.3455e-01 5.2264e-08 9.2637e-07 4.6324e-06 7.1551e-01 4.2535e-04 2.4301e-08 5.6675e-08 3.4422e-04 5.2583e-05 7.8353e-07 
4.4306e+01 3823.23 1.4729e-01 1.3468e-01 6.2251e-08 9.8417e-07 4.5701e-06 7.1720e-01 4.2574e-04 2.4196e-08 7.4247e-08 3.4466e-04 5.2543e-05 9.1212e-07 
5.2140e+01 3858.59 1.4532e-01 1.3483e-01 7.3925e-08 1.0428e-06 4.4962e-06 7.1902e-01 4.2616e-04 2.4095e-08 9.7428e-08 3.4514e-04 5.2495e-05 1.0623e-06 
6.1359e+01 3893.94 1.4322e-01 1.3498e-01 8.7524e-08 1.1021e-06 4.4115e-06 7.2097e-01 4.2660e-04 2.3998e-08 1.2805e-07 3.4566e-04 5.2439e-05 1.2378e-06 
7.2208e+01 3929.29 1.4099e-01 1.3514e-01 1.0332e-07 1.1618e-06 4.3170e-06 7.2304e-01 4.2706e-04 2.3905e-08 1.6856e-07 3.4623e-04 5.2371e-05 1.4429e-06 
8.4975e+01 3964.65 1.3865e-01 1.3531e-01 1.2163e-07 1.2216e-06 4.2141e-06 7.2520e-01 4.2752e-04 2.3816e-08 2.2218e-07 3.4685e-04 5.2288e-05 1.6825e-06 
1.0000e+02 4000.00 1.3621e-01 1.3549e-01 1.4278e-07 1.2813e-06 4.1034e-06 7.2747e-01 4.2799e-04 2.3730e-08 2.9327e-07 3.4751e-04 5.2189e-05 1.9624e-06 
